# Created by Octave 5.2.0, Sun Feb 07 18:03:05 2021 CET <alejandro@alejandro>
# name: structure
# type: scalar struct
# ndims: 2
 1 1
# length: 3
# name: topology
# type: matrix
# rows: 6
# columns: 15
 1 4 7 10 13 16 19 22 25 10 13 19 22 28 31
 2 5 8 11 14 17 20 23 26 11 14 20 23 29 32
 3 6 9 12 15 18 21 24 27 12 15 21 24 30 33
 10 13 16 19 22 25 28 31 34 13 16 22 25 31 34
 11 14 17 20 23 26 29 32 35 14 17 23 26 32 35
 12 15 18 21 24 27 30 33 36 15 18 24 27 33 36


# name: angles
# type: matrix
# rows: 1
# columns: 15
 1.5707963267948966 1.5707963267948966 1.5707963267948966 1.5707963267948966 1.5707963267948966 1.5707963267948966 1.5707963267948966 1.5707963267948966 1.5707963267948966 0 0 0 0 0 0


# name: lengths
# type: matrix
# rows: 1
# columns: 15
 4 4 4 3.5 3.5 3.5 3.5 3.5 3.5 7.75 7.75 7.75 7.75 7.75 7.75




