# Created by Octave 5.2.0, Sun Feb 07 13:03:49 2021 CET <alejandro@alejandro>
# name: T
# type: matrix
# rows: 6
# columns: 15
 1 4 7 10 13 16 19 22 25 10 13 19 22 28 31
 2 5 8 11 14 17 20 23 26 11 14 20 23 29 32
 3 6 9 12 15 18 21 24 27 12 15 21 24 30 33
 10 13 16 19 22 25 28 31 34 13 16 22 25 31 34
 11 14 17 20 23 26 29 32 35 14 17 23 26 32 35
 12 15 18 21 24 27 30 33 36 15 18 24 27 33 36


